0
100000
5420698
2
16369487
1
16335172
1
4415982
0
15834233
0
4770532
0
16731501
0
100001
11184810
2
3
-1
-1
-1
3
100002
512
397
0
0
0
0
1000000
1000001
694
476
1
1
0
0
1000000
5
1000001
877
544
2
2
0
0
1000000
1000001
785
583
3
3
0
0
1000000
0
4
1000001
543
545
4
4
0
0
1000000
1000001
1038
559
5
5
0
0
1000000
1000001
149
528
1
50
0
0
1000000
1000001
100003
1000005
0
1
512
397
-1
-1
0
6
5420698
1
0
512
397
694
476
0
10
5420698
3
0
694
476
877
544
1
10
5420698
2
1
877
544
-1
-1
0
2
5420698
1000005
1000005
1000005
1000005
1000005
1000005
100004
1000005
0
1
2
1000005
1000005
1000005
1000005
1000005
1000005
100005
1000005
1000005
1000005
1000005
1000005
1000005
1000005
100006
1000005
6940476
73
6150397
27
5120397
66
8770544
22
7620544
36
1000005
1000005
1000005
1000005
1000005
1000005
100007
1000005
6940476
1
5120397
0
8770544
2
1000005
1000005
1000005
1000005
1000005
1000005
100008
0
0
100009
